instruction_lecturer_id,instruction_id,lecturer_id,lecturer_type
1,1413,8,theory
2,1414,108,theory
3,1415,50,theory
4,1416,44,theory
5,1417,99,theory
6,1418,124,practice
7,1418,139,theory
8,1419,37,practice
9,1419,46,practice
10,1419,26,theory
11,1420,95,practice
12,1420,70,theory
13,1421,3,practice
14,1421,31,practice
15,1421,123,theory
16,1422,131,practice
17,1422,60,practice
18,1422,59,theory
19,1423,5,theory
20,1424,65,theory
21,1425,147,theory
22,1426,152,theory
23,1427,93,theory
24,1428,140,theory
25,1429,146,theory
26,1430,75,theory
27,1431,159,theory
28,1432,136,theory
29,1433,13,theory
30,1434,104,theory
31,1435,3,practice
32,1435,144,practice
33,1435,14,theory
34,1436,154,practice
35,1436,167,theory
36,1437,138,practice
37,1437,41,practice
38,1437,82,theory
39,1438,26,practice
40,1438,95,practice
41,1438,147,theory
42,1439,161,practice
43,1439,126,practice
44,1439,8,theory
45,1440,3,practice
46,1440,18,theory
47,1441,144,practice
48,1441,9,theory
49,1442,76,practice
50,1442,145,practice
51,1442,154,theory
52,1443,95,practice
53,1443,36,theory
54,1444,89,practice
55,1444,4,practice
56,1444,42,theory
57,1445,13,practice
58,1445,86,theory
59,1446,118,practice
60,1446,9,theory
61,1447,6,practice
62,1447,155,practice
63,1447,101,theory
64,1448,149,theory
65,1449,15,theory
66,1450,127,theory
67,1451,77,theory
68,1452,23,theory
69,1453,93,theory
70,1454,99,theory
71,1455,48,theory
72,1456,99,theory
73,1457,53,theory
74,1458,75,theory
75,1459,27,theory
76,1460,48,theory
77,1461,35,theory
78,1462,152,practice
79,1462,25,practice
80,1462,41,theory
81,1463,32,practice
82,1463,101,practice
83,1463,162,theory
84,1464,62,practice
85,1464,47,theory
86,1465,165,practice
87,1465,34,practice
88,1465,39,theory
89,1466,102,practice
90,1466,75,practice
91,1466,14,theory
92,1467,78,practice
93,1467,31,practice
94,1467,23,theory
95,1468,106,practice
96,1468,65,practice
97,1468,6,theory
98,1469,86,practice
99,1469,95,practice
100,1469,54,theory
101,1470,30,practice
102,1470,81,theory
103,1471,89,practice
104,1471,50,theory
105,1472,8,practice
106,1472,130,practice
107,1472,58,theory
108,1473,130,practice
109,1473,119,theory
110,1474,166,practice
111,1474,85,theory
112,1475,152,practice
113,1475,100,practice
114,1475,70,theory
115,1476,161,practice
116,1476,70,theory
117,1477,36,practice
118,1477,6,theory
119,1478,20,practice
120,1478,66,theory
121,1479,6,practice
122,1479,150,practice
123,1479,129,theory
124,1480,154,practice
125,1480,49,practice
126,1480,139,theory
127,1481,9,practice
128,1481,84,practice
129,1481,52,theory
130,1482,2,practice
131,1482,9,practice
132,1482,36,theory
133,1483,49,practice
134,1483,44,practice
135,1483,81,theory
136,1484,151,practice
137,1484,115,practice
138,1484,31,theory
139,1485,165,practice
140,1485,39,theory
141,1486,21,theory
142,1487,134,theory
143,1488,97,theory
144,1489,56,theory
145,1490,135,theory
146,1491,126,theory
147,1492,48,theory
148,1493,40,theory
149,1494,44,theory
150,1495,91,theory
151,1496,10,theory
152,1497,76,theory
153,1498,130,theory
154,1499,17,theory
155,1500,15,theory
156,1501,12,theory
157,1502,130,theory
158,1503,135,theory
159,1504,155,theory
160,1505,18,theory
161,1506,21,theory
162,1507,49,theory
163,1508,138,theory
164,1509,66,theory
165,1510,114,theory
166,1511,60,theory
167,1512,18,theory
168,1513,25,theory
169,1514,118,theory
170,1515,145,theory
171,1516,5,theory
172,1517,121,theory
173,1518,89,theory
174,1519,66,theory
175,1520,126,theory
176,1521,93,theory
177,1522,94,theory
178,1523,96,theory
179,1524,97,theory
180,1525,113,theory
181,1526,66,theory
182,1527,22,theory
183,1528,37,theory
184,1529,160,theory
185,1530,58,theory
186,1531,124,theory
187,1532,29,theory
188,1533,10,theory
189,1534,83,theory
190,1535,40,theory
191,1536,95,practice
192,1536,132,theory
193,1537,139,practice
194,1537,27,theory
195,1538,34,practice
196,1538,131,practice
197,1538,114,theory
198,1539,11,practice
199,1539,46,theory
200,1540,157,practice
201,1540,122,practice
202,1540,73,theory
203,1541,38,practice
204,1541,43,theory
205,1542,29,practice
206,1542,113,theory
207,1543,166,practice
208,1543,83,practice
209,1543,17,theory
210,1544,87,practice
211,1544,98,theory
212,1545,152,practice
213,1545,78,theory
214,1546,8,practice
215,1546,108,practice
216,1546,25,theory
217,1547,108,practice
218,1547,61,theory
219,1548,135,practice
220,1548,70,practice
221,1548,115,theory
222,1549,125,theory
223,1550,94,theory
224,1551,104,theory
225,1552,146,theory
226,1553,22,theory
227,1554,40,theory
228,1555,102,theory
229,1556,79,practice
230,1556,155,theory
231,1557,114,practice
232,1557,142,theory
233,1558,8,practice
234,1558,123,practice
235,1558,146,theory
236,1559,19,practice
237,1559,22,practice
238,1559,64,theory
239,1560,24,practice
240,1560,114,theory
241,1561,65,theory
242,1562,153,theory
243,1563,33,theory
244,1564,165,theory
245,1565,39,theory
246,1566,137,theory
247,1567,138,theory
248,1568,165,theory
249,1569,74,theory
250,1570,54,theory
251,1571,110,theory
252,1572,11,theory
253,1573,53,practice
254,1573,154,theory
255,1574,114,practice
256,1574,122,practice
257,1574,108,theory
258,1575,7,practice
259,1575,12,theory
260,1576,113,practice
261,1576,77,practice
262,1576,60,theory
263,1577,151,practice
264,1577,100,practice
265,1577,69,theory
266,1578,78,practice
267,1578,50,practice
268,1578,36,theory
269,1579,72,practice
270,1579,50,practice
271,1579,104,theory
272,1580,18,practice
273,1580,71,practice
274,1580,67,theory
275,1581,34,practice
276,1581,116,theory
277,1582,65,practice
278,1582,38,practice
279,1582,139,theory
280,1583,64,theory
281,1584,134,theory
282,1585,102,theory
283,1586,18,theory
284,1587,132,theory
285,1588,12,theory
286,1589,62,theory
287,1590,73,theory
288,1591,150,theory
289,1592,113,theory
290,1593,138,theory
291,1594,71,theory
292,1595,159,theory
293,1596,145,practice
294,1596,161,practice
295,1596,104,theory
296,1597,107,practice
297,1597,118,practice
298,1597,1,theory
299,1598,19,practice
300,1598,51,theory
301,1599,19,practice
302,1599,89,theory
303,1600,151,practice
304,1600,16,practice
305,1600,133,theory
306,1601,32,practice
307,1601,56,theory
308,1602,7,theory
309,1603,3,theory
310,1604,168,theory
311,1605,69,theory
312,1606,130,theory
313,1607,3,theory
314,1608,134,theory
315,1609,105,theory
316,1610,132,theory
317,1611,144,theory
318,1612,154,theory
319,1613,25,theory
320,1614,106,theory
321,1615,33,theory
322,1616,115,theory
323,1617,133,practice
324,1617,119,practice
325,1617,96,theory
326,1618,119,practice
327,1618,77,practice
328,1618,106,theory
329,1619,121,practice
330,1619,86,theory
331,1620,111,practice
332,1620,129,theory
333,1621,38,practice
334,1621,25,theory
335,1622,151,practice
336,1622,40,theory
337,1623,142,practice
338,1623,3,theory
339,1624,94,practice
340,1624,137,theory
341,1625,130,practice
342,1625,37,theory
343,1626,127,practice
344,1626,34,theory
345,1627,132,practice
346,1627,118,practice
347,1627,82,theory
348,1628,59,practice
349,1628,161,theory
350,1629,106,practice
351,1629,61,practice
352,1629,154,theory
353,1630,136,practice
354,1630,24,practice
355,1630,40,theory
356,1631,123,practice
357,1631,40,theory
358,1632,109,practice
359,1632,106,theory
360,1633,148,practice
361,1633,35,practice
362,1633,80,theory
363,1634,103,practice
364,1634,38,theory
365,1635,59,practice
366,1635,38,theory
367,1636,152,practice
368,1636,111,theory
369,1637,105,practice
370,1637,114,practice
371,1637,90,theory
372,1638,124,practice
373,1638,82,theory
374,1639,138,practice
375,1639,107,theory
376,1640,79,practice
377,1640,67,theory
378,1641,5,practice
379,1641,9,theory
380,1642,33,practice
381,1642,11,theory
382,1643,160,practice
383,1643,41,theory
384,1644,143,practice
385,1644,36,practice
386,1644,45,theory
387,1645,101,practice
388,1645,161,theory
389,1646,129,practice
390,1646,113,practice
391,1646,87,theory
392,1647,41,practice
393,1647,167,practice
394,1647,41,theory
395,1648,78,practice
396,1648,49,theory
397,1649,146,practice
398,1649,112,theory
399,1650,45,practice
400,1650,21,theory
401,1651,133,practice
402,1651,139,theory
403,1652,135,practice
404,1652,117,practice
405,1652,144,theory
406,1653,114,practice
407,1653,142,practice
408,1653,102,theory
409,1654,157,practice
410,1654,112,theory
411,1655,135,practice
412,1655,99,theory
413,1656,55,practice
414,1656,25,theory
415,1657,100,theory
416,1658,123,theory
417,1659,46,theory
418,1660,89,theory
419,1661,158,theory
420,1662,101,theory
421,1663,73,theory
422,1664,107,theory
423,1665,3,theory
424,1666,163,theory
425,1667,93,theory
426,1668,59,theory
427,1669,104,theory
428,1670,164,theory
429,1671,73,theory
430,1672,2,theory
431,1673,145,theory
432,1674,108,theory
433,1675,55,theory
434,1676,83,theory
435,1677,73,theory
436,1678,14,theory
437,1679,149,theory
438,1680,49,theory
439,1681,83,theory
440,1682,164,theory
441,1683,29,theory
442,1684,37,practice
443,1684,116,practice
444,1684,47,theory
445,1685,28,practice
446,1685,90,practice
447,1685,128,theory
448,1686,45,practice
449,1686,102,practice
450,1686,132,theory
451,1687,80,practice
452,1687,39,practice
453,1687,166,theory
454,1688,63,practice
455,1688,119,theory
456,1689,126,practice
457,1689,51,practice
458,1689,73,theory
459,1690,66,practice
460,1690,90,practice
461,1690,163,theory
462,1691,63,practice
463,1691,68,theory
464,1692,87,practice
465,1692,17,theory
466,1693,155,practice
467,1693,36,practice
468,1693,116,theory
469,1694,145,practice
470,1694,1,practice
471,1694,162,theory
472,1695,134,practice
473,1695,128,practice
474,1695,115,theory
475,1696,79,practice
476,1696,80,practice
477,1696,34,theory
478,1697,86,practice
479,1697,72,theory
480,1698,101,practice
481,1698,163,practice
482,1698,168,theory
483,1699,78,practice
484,1699,84,practice
485,1699,99,theory
486,1700,95,practice
487,1700,161,theory
488,1701,143,practice
489,1701,50,theory
490,1702,45,practice
491,1702,104,practice
492,1702,68,theory
493,1703,131,practice
494,1703,104,practice
495,1703,48,theory
496,1704,38,practice
497,1704,9,theory
498,1705,148,practice
499,1705,69,practice
500,1705,166,theory
501,1706,7,practice
502,1706,96,theory
503,1707,57,practice
504,1707,79,practice
505,1707,82,theory
506,1708,134,practice
507,1708,96,practice
508,1708,98,theory
509,1709,57,practice
510,1709,101,practice
511,1709,150,theory
512,1710,20,practice
513,1710,129,theory
514,1711,42,practice
515,1711,148,theory
516,1712,75,practice
517,1712,135,theory
518,1713,117,practice
519,1713,113,practice
520,1713,54,theory
521,1714,26,practice
522,1714,111,theory
523,1715,67,practice
524,1715,66,practice
525,1715,124,theory
